Countries	PIB	1/Desemprego	Income Tax Rate (%)	1/Infl	Inc. PIB per Capita (%)	Reservas Totais	R (% do PIB)/D (% do PIB)	Pop. Act. (%) (15 - 65)	Despesas do Governo em Edu. (% do PIB)	Taxa de alfab.	Valor agregado	P&D (% do PIB)	Export de Alta Tecno (US$)	Import. Bens e Serv (% do PIB)	GINI	1/Pop. favelas	ECI_2019	Class	Overall score
Albania	38.1112	0.073385878	23	0.601106035	2.160280263	3834359590	1.067791718	68.46849263	3.839856704	99.11753082	4.641822074		3743923.2	44.10620273	32.01428571		-0.440941	3	65.94
Algeria	614.9052	0.086278299	35	0.24230676	-1.663330367	88850776517		63.57999936	6.45411253	97.4265213	2.693262231	0.54297	6936096.5	31.3831527	27.6		-1.027936	3	46.66
Angola	198.8652	0.136317784	18.6	0.040629596	-5.316026375	17330953410	1.138227082	51.01198526	2.271925002	77.43112946	3.372697532	0.03229	84125784	25.62085512	51.3	0.020533881	-1.48702	3	51.64
Argentina	911.8488	0.108161897	35	0.023371039	-3.742704218	48846946014	0.809172339	64.12498186	5.186924934	99.48858207	27.41635224	0.53629	915264006.6	14.38735774	41.77777778	0.068027212	-0.243857	3	52.08
Armenia	32.063	0.055636538	24.6	1.066325443	2.357112023	2448545113	0.995427599	68.0875882	2.597638083	99.8560791	5.768455489	0.216563333	32154161	47.7781806	30.91	0.10752688	-0.269703	3	68.84
Australia	1297.5678	0.174532254	45	0.644496004	0.466385197	54516671606	0.958340675	65.17765818	5.170856794		29.42334113	1.87466	5469501079	21.10116692	34.13333333		-0.454162	3	80.9
Austria	460.39	0.186018825	52	0.611770464	-0.326654819	24413490023	0.99030692	66.67590904	5.358956655		45.94643952	3.1377125	16594837989	50.50087091	30.51111111		1.771502	1	72.96
Azerbaijan	171.559	0.18489073	25	0.150947953	-1.529590584	6919427175	1.50956497	70.40796282	2.628435016	99.94319439	20.24173096	0.191736667	21777257.4	39.26390833			-1.191288	3	66.14
Bangladesh	773.3272	0.224557621	26	0.172675784	5.667620768	34722475325	1.083943462	67.09931706	1.430930018	88.26026154	8.453106894		77908600.75	20.9964331	32.4	0.020703933	-0.88344	3	55.26
Belarus	186.0042	0.30102348	13	0.147789075	0.905651449	7248513000	1.029157895	68.20365835	5.010915947	99.87283325	40.81293601	0.563056667	717687100	64.55089236	25.87	0.025510204	0.830929	2	58.34
Belgium	554.5174	0.148960257	50	0.628298567	-0.234271997	27751074652	0.961451496	64.158748	6.421236674		50.45895435	2.649846667	29614353880	80.7592109	27.61111111		1.211482	1	68.68
Bolivia	89.3546	0.260159217	13	0.433576136	-0.220353842	8186379146		61.72317807		99.13419088	9.622301868		16425851.6	30.31385572	45.25	0.020408163	-0.83195	3	42.98
Bosnia and Herzegovina	47.1254	0.046550167	10	2.983293556	2.849738799	6866679814	1.10497668	68.77704447		99.5623703	18.41387021	0.203756667	211938511.4	54.19784267	33	0.131578949	0.726767	2	62.44
Botswana	40.612	0.055820392	25	0.352360817	-0.179166528	6489472531	1.144957542	61.68384165	7.177630067	97.4562912	6.304532466	0.39804	31111733.6	44.17143702	53.3		-0.791066	3	68.28
Brazil	3299.273	0.079337374	27.5	0.21978022	-1.332162532	3.6523E+11	0.805945304	69.7080551	6.24101003	98.89040565	33.82205526	1.172576667	9498045930	13.58859793	52.58	0.061349696	0.102134	2	52.74
Bulgaria	160.8342	0.169428349	10	0.808538163	2.334063558	29604937741	1.0375559	64.46976356	4.091020107	97.86505127	31.36072446	0.756966667	1862551638	59.87231697	38.38888889		0.528509	2	69.78
Burkina Faso	42.1092	0.187652468	27.5	2.779321845	2.29991455		0.994364204	52.67819282	5.614836693	54.48513985		0.61089	11532085	32.08959429	41.3	0.017301038	-0.932345	3	58.18
Cambodia	74.7938	0.849617672	23	0.404236397	3.509356522	15209280038	1.365541449	64.2609824	2.162859917	91.17711258	0.259529189	0.11823	196386713.6	63.63181765		0.021551724	-0.497443	3	57.64
Cameroon	443.4244	0.200104054	34.6	0.711541198	0.5409903	2960609983	1.312638522	54.67597049	3.010187566	85.08000183	7.611958329		19461333.67	21.22848996	46.6	0.028776978	-1.527305	3	52.84
Canada	1452.8042	0.130606274	33.4	0.768639508	-0.576260787	85809333513	1.03439242	66.89175187	5.262050152		36.85127234	1.62578	28214221984	33.31964182	33.36666667	100.0000022	0.692951	2	77.62
Chile	466.9744	0.126980902	37	0.367511944	-0.883964613	39831060001	0.9519177	68.69305092	5.398279985	99.20476723	16.3668025	0.36271	814909018.2	27.74386927	45.1	0.112359549	-0.206601	3	75.4
China	24641.5312	0.217344056	45	0.454710804	5.296567025	3.21634E+12		71.23311939	3.667853355	99.78359985	41.45126852	2.11898	6.90802E+11	17.43878643	39.6	0.040650406	1.345562	1	56.42
Colombia	740.6514	0.094318268	36.6	0.237034228	-0.870358237	50468937279	0.802925439	68.41505097	4.492009997	98.66765594	22.9537018	0.24814	701160436	20.81188949	51.85	0.035778176	0.089482	2	67.72
Congo. Dem. Rep.	83.6226	0.178660759	31	0.046870899	0.330590265	802171963		50.86292006	1.786819994	84.29352951		0.40638	18119774.2	34.20027861	42.1	0.012771392	-1.339828	3	
Congo. Rep.	78.9716	0.108325931	40.2	0.59333096	-7.983182687	626567384	1.195856893	55.59888689	4.13805753	81.48436737	2.415318415		52552264.8	59.78873082	48.9	0.020876827	-1.37599	3	
Costa Rica	98.4724	0.101669412	27.2	0.927471712	0.8284256	7678633756	0.862211295	69.08825096	6.859578037	99.28184891	14.66650599	0.42667	1080123191	31.67666025	48.59	0.25641025	0.384098	2	65.26
Cote d'Ivoire	129.6418	0.256121299	38.8	0.490966222	3.26180211		0.839719168	55.2032859	3.679035008	61.65237427	14.98979586	0.0704	121139068.8	22.61128223	39.35	0.016764459	-1.112656	3	
Croatia	76.4632	0.104001997	37	2.184359983	1.820184431	19415663578	1.025005083	65.06377627	3.905669928	99.72363281	29.10170812	0.89924	1061599699	48.93693769	31.1		0.868511	2	63.16
Cyprus	52.6198	0.118376817	36	1.269680041	2.519832874	979034497.5	1.021589889	69.50063985	5.949790001	99.82099152	30.88451973	0.540463333	72485756.2	74.19567532	33.52222222		0.320184	2	70.06
Czech Republic	359.9532	0.290951411	24.8	0.547045952	1.33645666	1.38439E+11	0.986411609	65.09208901	4.542270025		52.34919323	1.80037	33484237063	69.21380999	25.71111111		1.802727	1	74.18
Denmark	260.5214	0.176609798	49.8	1.189626457	1.098617441	70012245744	1.050723129	63.74918707	7.752439976		57.61185818	3.058633333	9721432331	49.01964599	28.11111111	999.9999525	1.098704	1	77.48
Dominican Republic	187.203	0.129657962	27	0.399137862	2.224517361	8088089806	0.952866123	64.92251179	3.935507476	97.61339442			388421058.8	27.33277783	44.41	0.067567567	-0.183106	3	61.72
Ecuador	670.304	0.16616264	32.5	0.324128095	-2.723905841	3610728130		64.79369242	4.391652012	98.9292841	15.4705742	0.3737075	78734693.4	21.62895806	45.8	0.049504951	-1.109666	3	50.68
Egypt. Arab Rep.	746.9886	0.099872164	25.5	0.082873386	2.488782293	37084765460	0.681584157	60.97042081	3.803473997	89.83263397	20.7161184	0.703923333	184515009.2	24.99360228	30.53333333	0.16949153	-0.146508	3	
El Salvador	52.4044	0.183371841	28	0.966370313	-0.297451868	3580620681	1.003071614	64.53657441	3.635344982	97.71825191	19.12749274	0.16347	243868880.8	45.30643625	40.56666667	0.044642858	0.094866	2	61.44
Estonia	31.0054	0.106903851	22.6	0.506996552	2.626526426	975102922.8	0.985684824	63.99324836	5.103209972	99.94889832	29.84949163	1.31018	1948569929	71.52209138	32.27777778		0.91685	2	78.26
Eswatini	139.506	0.093984962	27.2	0.145319266	0.245695491	510799619.3		57.91699721	5.643962002	95.46936798	2.234490637	0.26661	4919982.2	43.29404662	54.6	0.030864198	-0.027597	3	54.48
Ethiopia	247.1656	0.195886386	33.5	0.115300357	5.249570322	3220559613	0.849919968	55.69516671	5.259903272	72.75482178	16.07359294	0.27437	23118300	22.23837143	35	0.015360983	-0.91816	3	52.26
Finland	1893.2528	0.117849483	36.86	1.125872551	0.928883196	11237593806	0.972126836	62.18053938	6.494646708		46.6995028	2.737876667	4373912207	37.78180699	27.25555556		1.475789	1	75.82
France	1169.946	0.074090539	41	0.628377529	-0.400817368	1.76383E+11	0.93417521	62.01995849	5.432384968		51.18532021	2.206266667	1.08551E+11	31.60666134	32.475		1.312219	1	65.06
Gabon	41.0062	0.059189109	29	0.262508532	-1.566155179	1111856436	1.18741406	59.45840376	2.949524939	89.14390182	5.385013366			23.68480662	38	0.027322406	-1.435454	3	56.98
Georgia	2630.0728	0.112291419	31	0.384733764	2.179102605	3300741372	0.995096876	65.36435439	3.667425966	99.68254089	12.78641874	0.27887	19208662.4	59.02014323	37.26	0.029325515	-0.013926	3	75.64
Germany	1804.0784	0.26707975	41.5	0.224406445	0.133663595	2.14896E+11	1.025188248	64.89705934	4.904903412		61.78119553	3.047193333	2.00109E+11	39.71419707	31.3	100.0000022	2.065511	1	73.96
Ghana	248.574	0.089773054	35.2	0.12888591	2.650917518	6924814040	0.825968581	59.33562131	4.053449949	92.4909668	10.84104172		30538874	36.61137925	42.95	0.032894737	-0.853631	3	58.38
Greece	208.133	0.07673537	33.2	0.655737705	-0.766939359	8534420687	0.993621157	64.28114215	3.533079982	98.98743057	20.93849143	1.100783333	1667697250	38.3782634	34.93333333	0.333333333	0.134085	2	59.46
Guatemala	74.8026	0.269876397	29.8	0.172223753	0.668106005	13349692560	0.910484331	60.71607847	3.106177998	93.61594772	22.40264457	0.027383333	260876920	27.39523694	48.3	0.032258065	-0.324376	3	63.44
Guinea	40.2688	0.202453739	34	0.136087749	5.068941815	1188279426		53.22823687	2.25940001	50.11778641			799558	53.44189262	31.65	0.020140987	-1.752985	3	55.02
Honduras	211.5716	0.182655074	21	0.306522805	-0.420695939	5434687239	0.955055892	63.53452654	5.266489863	95.79791164	7.163458027	0.03994	31275105	57.31022403	50.15555556	0.025316456	-0.57248	3	60.24
Hungary	6427.6686	0.226060222	21.36	0.340413943	2.532844009	31674787113	0.950108732	66.48146977	4.622509956	98.80000305	55.96273863	1.35179	17479240191	78.80244456	30.36666667	0.07352941	1.632004	1	66.44
India	5656.7092	0.226572413	30.54	0.236216752	2.601771336	4.45435E+11	0.832805197	66.76970063	3.450979948	88.90446091	41.41512919	0.66279	18919811343	21.33952034	35.7	0.028328611	0.460608	2	55.32
Indonesia	2192.4204	0.131891322	32	0.083728252	2.470432282	1.2647E+11	0.85477663	67.55476516	3.002957523	99.54728063	35.7305005	0.236576667	6093008573	18.9213664	38.7	0.032520325	0.017737	2	65.7
Iran. Islamic Rep.	749.5114	0.109820115	37.4	0.06434344	0.180059804			69.35653381	3.693679988	97.95772743	44.76694901	0.83027	227074654.7	27.1812015	39.91428571	0.040650407	-0.349011	3	
Ireland	364.5026	0.179153678	44.2	4.582951421	4.922769626	5284023531	1.029454648	64.78629979	3.527893305		54.46673437	1.157695	38225844242	106.5128348	32.2625		1.332997	1	81.04
Israel	1578.9582	0.141578888	46.4	3.092145949	0.950880332	1.24604E+11	0.88317547	60.1383377	6.043633143		39.95906104	4.756263333	12547815400	27.15491989	39.8125		1.258217	1	72.16
Italy	955.6198	0.096991329	35.8	0.534302201	-0.506361787	1.6494E+11	0.928575794	63.92738828	4.03881669	99.89482117	44.07198072	1.37612	32532631232	27.37565902	35.2		1.367583	1	63.76
Jamaica	3381.0716	0.137900601	32.32	0.363609919	-1.44370029	3634758660	1.138599071	67.39031536	5.311121941	96.30000305	18.7673031		2567009.5	49.81418858		0.01710864	-0.244263	3	68.52
Jordan	350.0846	0.088903113	15.6	0.298953662	-0.651732399	15543454210	0.868016772	61.94098633	3.163660049	99.19938151	23.71347019	0.70781	91428715.8	50.86730246		0.04494382	-0.035604	3	64.42
Kazakhstan	299.6328	0.165136403	18	0.123213406	0.903154684	31184409272	0.920319522	64.25788396	2.800460041	99.89736176	15.24236693	0.12843	2072192140	26.64224913	27.45		-0.319771	3	67.92
Kenya	260.2886	0.181303938	18	0.264872596	1.285272514	8091351069	0.868868628	57.8956475	5.21799202	87.17781448	12.76147557		81600353.8	20.94348785	40.8	0.021505376	-0.301547	3	54.52
Kuwait	134.0836	0.395914166	9.6	0.493534695	-3.858810768	41539100134		75.94698544	6.329212093	99.13702138	39.05016124	0.07421	59532664.4	46.42009718			-0.767404	3	61.72
Lao PDR	54.537	0.274213009	26.96	0.33877634	3.630813096	1105090633		63.331034	2.425277472	82.25943375	3.774775246		340571967.5	41.88246346	37.4	0.047732697	-0.647744	3	
Latvia	73.3942	0.128955717	26.16	0.493632145	2.520397684	4453079001	0.951911951	63.97576308	4.425000032	99.82771301	23.21297631	0.531913333	1560708971	60.67017682	35.03333333		0.66914	2	72.6
Lebanon	36.5502	0.201661692	23	0.037651453	-6.487116894	51270308237	0.691508189	66.91815402	2.343340039	99.75182343	19.94960076		98411825.8	41.17008946	31.8	0.016366613	0.044567	2	50.94
Lithuania	66.2672	0.104569696	17	0.442712945	3.852606447	4550412808	0.985661085	65.27679708	3.903823376	99.85579681	28.33793128	0.893516667	2388447418	69.56005934	36.07777778		0.786601	2	75.78
Madagascar	32.4408	0.168157665	20	0.152877148	-0.998147034	1639473670	1.101905489	56.33912372	2.835757554	78.340168	3.556118499	0.012695	3844590.8	33.10473555	42.6	0.015515904	-0.951056	3	58.1
Malawi	448.0754	0.215007525	28	0.105822345	0.707356736	717333672.7	0.874570709	53.48621026	3.756155968	74.50875854	11.34466137		8554161		41.6	0.015140046	-0.940737	3	52.44
Malaysia	381.9274	0.214702851	29	0.335412893	1.412247927	1.01931E+11	1.011454405	69.27768545	4.517555118	97.12893867	44.0397676	1.228015	81270586219	59.56816567	42.1		1.115255	1	73.14
Mali	27.4862	0.117988532	32	2.04415372	0.824609097		1.224958068	50.01017074	3.551439941	46.93846321		0.29179	8645256.5	37.07522085	36.1	0.021231422	-0.602993	3	56.62
Mauritania	23.7908	0.117241541	28	0.619962802	0.380916763	1035693745		56.78834995	1.908126672	67.48994637		0.01081	427285.3333	46.54974155	32.6	0.013097577	-1.369835	3	55.28
Mauritius	1062.0336	0.139497252	24	0.362108922	-0.145441743	6390608304	0.969838669	70.70300149	4.839723873	98.58618927	4.800360761	0.356635	21029553.2	53.00624652	37.65		-0.188049	3	74.18
Mexico	970.87	0.214362272	26.4	0.237079184	-1.429910672	1.82392E+11	0.939810323	66.20122255	4.559823195	98.94313219	44.39865559	0.343106667	70610470158	39.37496204	47.44	0.0625	1.312402	1	64.94
Moldova	26.5652	0.142519169	13.6	0.210216523	3.635385393	2969534855	0.992215277	72.69189937	5.692800045	99.81101227	18.18308329	0.260773333	21650696.8	54.01753589	27.33333333	0.016299918	-0.156	3	60.66
Mongolia	152.9886	0.148354746	16	0.30273674	1.356102873	3355878834	1.01186642	65.56324311	5.095777512	98.85216904	3.999336383	0.140123333	21414024.25	59.09958721	32.94	0.026109661	-0.95565	3	58.66
Morocco	136.3638	0.105612234	31	0.728756741	-0.32529055	27631454897	1.027981383	65.74980166		90.15367889	23.58655694		801142311.4	46.38932017	39.5	0.103626942	-0.523393	3	62.12
Mozambique	79.8224	0.060227902	34.2	0.116950857	-0.505563828	3356273285	1.276686202	52.45885139	5.763194919	70.7187767	10.8876387	0.31312	15642845.6	72.66126047	54	0.012995452	-1.252757	3	49.66
Namibia	420.797	0.063631042	39	0.218007412	-3.67619227	2127241038	1.043121252	59.47696996	9.658012009	94.79217148	7.348910064	0.35209	7118675.8	48.49053957	59.1	0.023640662	-0.222108	3	59.98
Netherlands	464.0016	0.213620439	42.8	0.463735856	0.535366924	42010179046	1.030841565	64.6754041	5.337449869		51.19267332	2.04789	81675906827	71.25612884	28.25555556		1.110004	1	77.26
New Zealand	287.3764	0.195802005	36.2	0.467901928	0.811615649	17539101756	1.074013469	64.69584984	6.240009944		21.10862	1.34692	594410001.6	25.98007386			0.23424	2	83.44
Nicaragua	542.9186	0.182202463	29.4	0.199385891	-1.207476753	2615209672	1.072648907	64.53419233	3.861052513	91.57177734		0.097508	15722338.8	51.67166129	46.2	0.023419203	-0.880435	3	56.98
Nigeria	461.977	0.137005069	23.4	0.104556576	-2.255359256	36949163007		53.42307849		75.02874756	33.43626105		68617354	15.71292017	35.1	0.018552875	-1.773231	3	57.22
North Macedonia	458.8578	0.07699652	27.92	0.269774469	1.07674328	3322911044	0.953571421	69.79963367		98.84674454	31.89286268	0.385156667	197535774.2	70.88873029	35.775	0.120481925	0.040919	2	69.24
Norway	263.031	0.258718824	28.68	0.535561268	0.181356713	66343871670	1.191104327	65.4062642	7.862213453		46.4411607	2.072143333	4321661925	33.28325432	26.94444444	999.9999525	0.559251	2	74.2
Oman	755.8398	0.146661973	13	0.418971007	-3.098460664	17081705937		75.38279938	5.486876647	98.84637604	33.47064991	0.236066667	57264965.33	39.44537457			-0.443003	3	61.36
Pakistan	478.0552	0.22810219	29	0.276640478	1.331222081	17485684971		60.41324577	2.803329945	72.42988041	24.61546527	0.23627	350339617.2	18.30656301	30.025	0.02472188	-0.664463	3	52.94
Panama	61.6028	0.198846689	31.8	0.561041293	-1.807343709	4341743597	0.953623977	64.825472	2.934652567	98.99041367	7.714524001	0.14604	1142398111	43.30055825	50.56666667	0.045248868	0.239367	2	66.6
Paraguay	306.851	0.202864446	18	0.338684549	0.956877128	7875213409	1.09979213	64.11943274	3.280866702	98.52206326	21.82669174	0.137323333	71207507.2	32.74751313	47.77	0.058479531	-0.447032	3	62.48
Peru	746.7596	0.269019692	32	0.402673754	-1.275335347	65688852973	0.93993284	66.04491239	3.905083942	99.01233128	14.84130446	0.122693333	192248022.8	22.60388165	43.42	0.029895367	-0.795222	3	67.72
Philippines	1084.031	0.248311482	33.2	0.35870579	1.941907424	88156179783	1.087930611	63.89589786	3.584367514	98.52515411	46.51972176	0.133706667	34012680694	37.82292353	44.46666667	0.023148148	0.949998	2	63.7
Poland	671.1724	0.174623686	38.4	0.79151496	3.151640697	1.25433E+11	0.99035807	67.44740438	4.602553368		34.41154426	1.069346667	19455769388	50.15179265	31.875	100.0000022	1.079311	1	68.76
Portugal	341.4564	0.196386489	28.8	3.265839321	0.646957633	26093897642	0.928493381	64.57799957	4.845385075	99.54951859	26.22915434	1.315853333	3043410532	41.1924143	34.98888889	0.277777785	0.631853	2	66.8
Qatar	227.0156	0.275072894	8	1.361655773	-2.311627771	31588866601		85.05822885	2.990026633	94.01660665	58.00928047	0.50901	124312033.4	39.01864839			-0.420442	3	71.44
Romania	1227.4996	0.201930455	11.8	0.37744395	3.942903053	44141786123	0.907787153	66.16685911	3.140010039	99.21244049	46.26748519	0.494773333	6285829983	43.76303498	35.8	0.075471698	1.199197	1	68.86
Russian Federation	3689.9488	0.190454424	10.9	0.296366546	0.768482009	4.86075E+11	0.862502258	67.44376089	4.376183271	99.69844818	26.34612111	1.064933333	9800117408	20.74096247	36.26		0.120892	2	
Saudi Arabia	1444.6298	0.164209005	10	0.519804553	-1.929120237	5.10801E+11	0.942191391	71.61438014		99.34068807	36.70215888	0.86328	284702511.4	27.71349682		0.061728392	0.622651	2	60.84
Senegal	66.3326	0.114202184	34	0.627431296	2.301102537		1.068802066	53.89321808	4.970870018	64.06730906	21.64679826	0.5772	17391868	36.23539301	39.2	0.033898305	-0.800691	3	57.6
Serbia	204.3976	0.092919532	13.4	0.694058856	3.241056249	13422208475	1.071931207	66.02728928	3.636600018	99.6759847	25.11964481	0.87758	420467050.3	57.38514918	38.1125	0.277777785	0.747382	2	64.96
Singapore	483.968	0.217211868	22.6	3.144654088	0.906808697	2.96817E+11	1.35026186	76.2061769	2.685362005	99.89786869	83.67705353	2.00047	1.49413E+11	144.6905755			1.997381	1	88.34
Slovak Republic	163.2884	0.139738968	30	0.607090821	1.259493247	5648509915	0.965454124	68.94878866	3.942513386		49.26656582	0.83832	8232685846	90.94624487	25.54444444		1.447869	1	66.62
Slovenia	214.3042	0.098303285	49	0.58404392	1.914716782	978295594.1	1.003452668	65.40399881	4.836496512	99.80000305	37.46319518	1.94273	2078408831	72.7098333	25.08888889	0.270270267	1.636716	1	67.38
South Africa	968.0184	0.03934932	45	0.24559163	-1.954111477	51921889257	0.861731907	65.64066865	6.311216068	98.20718511	24.42803382	0.825485	2070939304	26.21538422	63	0.038535646	0.03067	2	59.2
Spain	1523.511	0.072762199	41.2	0.598659004	-0.475933352	71818488914	0.864781326	65.96551985	4.204526742	99.67237759	40.45584214	1.214706667	15354512665	31.01073039	35.45555556	0.150375938	0.806702	2	67.16
Sri Lanka	234.0232	0.111554852	24.6	0.21590811	1.099898223	6840074401	0.808365113	65.34457795	2.794613282	98.82383537	8.26794171	0.12806	80165791.5	28.03584727	39		-0.245285	3	56.12
Sweden	542.1124	0.142073708	57	0.673219335	0.014887168	59177848540	1.049399856	62.36622597	7.609429995		52.8578099	3.307643333	17622221208	41.57572125	28.81111111	999.9999525	1.748605	1	75.8
Switzerland	554.555	0.209881207	28.6	7.849293564	0.229189136	8.43059E+11	1.046729274	66.45323225	4.912989934		65.09026287	3.36798	34920282975	53.85938415	32.425		2.131523	1	82.34
Tajikistan	31.5038	0.098972664	13	0.149463426	4.156520087	1171773640		60.21268025	5.718227506	99.90000153	2.718588311	0.106406667	16532463.6	39.90389828	34	0.038461538	-0.736788	3	54.2
Tanzania	172.522	0.459601066	30	0.244762091	2.296946585	5096067784	0.913226061	53.3333423	3.773648071	85.84757233	6.45595911	0.51456	73732275.67	17.26652925	39.15	0.024449878	-1.0031	3	60.52
Thailand	1285.3214	1.177578898	35	2.760905577	1.274699806	2.12482E+11	1.055268654	70.96591893	3.254750073	98.19922638	41.10507157	0.88998	42738433745	52.08382873	36.73	0.041407867	1.146	1	67.54
Togo	14.5408	0.305922663	45	1.45137881	1.888620567		1.140820716	55.82963243	4.115085006	84.02248637		0.24489	988402.2	33.60295736	43.83333333	0.018639329	-0.954406	3	53.38
Trinidad and Tobago	42.2952	0.239314603	25	0.625938908	-3.930272617	7858495480	0.892056384	68.87111071	3.595167518		39.59849921	0.08898	12335514.4			0.185185182	0.129528	2	58.16
Tunisia	136.7618	0.063795039	35	0.173949346	-1.483607071	7134609282	0.915534821	67.50783323	7.32434988	96.79284668	27.57021623	0.60248	847825866.8	53.77920281	32.8	0.123456792	0.356219	2	56.18
Turkey	2286.3178	0.083404227	37	0.079791903	1.830835941	1.00919E+11	0.918386502	66.85888048	4.29460001	99.38563251	33.97829665	0.95221	3935821858	29.77183773	41.28888889	0.119760474	0.610807	2	63.06
Uganda	103.434	0.484449181	38	0.245700246	1.027902362	3392408814	1.04127283	51.16977307	2.440946054	86.52759552	11.06715693	0.14381	12746435.2	20.86947269	42.16666667	0.020876827	-0.88649	3	58.8
Ukraine	417.0512	0.108332972	20	0.100228521	2.025003841	21924125726	0.956563061	67.81112028	5.295292497	99.96975708	28.55951769	0.467623333	1178281109	51.09816288	25.27	0.052631579	0.296661	2	53.88
United Arab Emirates	698.9492	0.324865181	0	1.755617978	-0.548339059	99066549416	0.930152323	84.29044745	3.102699995	98.16317749	36.88233507	1.12101	691031984.6	72.17132902	29.25		-0.435528	3	75.7
United Kingdom	2996.8614	0.233765019	45	0.590876861	-0.967169597	1.62414E+11	0.948520662	63.94336318	5.367340088		47.91719165	1.681063333	71622856176	30.57714309	33.68571429		1.551274	1	77.46
United States	20349.562	0.198286802	37.52	0.563697858	0.497680986	4.90441E+11	0.738872597	65.47735887			47.78759766	2.803896667	1.55547E+11	14.50656146	41.15555556		1.56816	1	75.2
Uruguay	79.5808	0.11007397	32.4	0.121701879	-0.699370958	15148385842	0.956808894	64.54902677	4.553204894	98.94441393	18.48275265	0.43701	126407419	21.31147418	40.16		0.013474	2	69.24
Uzbekistan	257.4998	0.150761345	22	0.076024814	2.764445124	29125378993	1.274234527	66.91992267	5.792668056	99.99994151	20.85022382	0.15575	28543238.5	34.12294477		0.019157088	-0.483342	3	55.2
Vietnam	860.9154	0.47856049	35	0.317924588	4.968578316	62844786554		69.54691142	4.164942503	98.62545776	39.7457418	0.52674	80780948088	99.94739983	35.35	0.070921986	0.051981	2	57.9
Zambia	69.7168	0.10845987	36	0.086665627	-0.950573827	1731221099	0.866425823	52.9663481	4.170619965	92.09156799	9.725474449		70340734.2	35.76960443	57.1	0.016963529	-0.716335	3	52.1
Zimbabwe	36.3746	0.19462826	51.5	0.006076493	-1.866700363	194282223	0.669875802	54.7148942	4.81365339	90.67941284	22.5705751		14134574.6	34.7748286	45.93333333	0.03236246	-0.913127	3	40.02
